[3.97235972 3.50723801 0.20715239 2.89583863 5.48260128 0.64903673] -0.3636816677033708
best_iteration =49, min_cost=-0.3636816677033708
best_via= [3.97235972 3.50723801 0.20715239 2.89583863 5.48260128 0.64903673]
runs= 0
